###################################################
### This file contains the history of solutions ###
###################################################
### SOLUTION FORMAT:  F(1:O)  G(1:M)  X(1:N)    ###
###################################################
#                              
#        O         M         N 
#                              
         3         1         8
#                       
#        SOLUTION HISTORY (in chronological order)
#                       
        1.00000e+98        1.00000e+98        1.00000e+98          0.0000000          1.0000000         10.0000000          1.0000000         20.0000000          0.9900000         12.0000000         12.0000000         12.0000000
        1.00000e+98        1.00000e+98        1.00000e+98          0.0000000          0.4695555          3.8209999          0.9691358          7.0772832          0.4443456         11.0156779          4.3898747          4.8746883        1.00000e+98        1.00000e+98        1.00000e+98          0.0000000          0.8863329          2.8713267          0.2950607         14.1282369          0.9899972          8.4887111          8.4886775          4.9773887        1.00000e+98        1.00000e+98        1.00000e+98         -0.0000000          0.2458697          7.7180208          0.0098259         18.1066415          0.9063886          9.8525097          8.8372288          6.6897385        1.00000e+98        1.00000e+98        1.00000e+98          0.0000000          0.2951006          9.6523158          0.2531772          6.9024326          0.7140955          0.8175173         10.8363842         11.5539015         -0.1290630         -0.4211295         -0.2530515          0.0000000          0.8660826          8.2741538          0.6919725         10.4323810          0.2169639         10.2609286          0.8740615          0.6041259        1.00000e+98        1.00000e+98        1.00000e+98          0.0000000          0.2385588          3.9729112          0.7510121          3.0392278          0.0317254          3.5905728          5.3235168         10.2832254        1.00000e+98        1.00000e+98        1.00000e+98          0.0000000          0.3017374          2.7460036          0.6920153         19.3212008          0.6547466          7.5231513          3.4522177          0.4445048        1.00000e+98        1.00000e+98        1.00000e+98          0.0000000          0.4397647          5.8692600          0.0206182         14.6386921          0.7461817          5.8333407          4.3418253         11.5443018        1.00000e+98        1.00000e+98        1.00000e+98          0.0000000          0.3249803          4.0392144          0.8449435          5.0405384          0.2223352          7.1018838          9.6802395          4.7821233        1.00000e+98        1.00000e+98        1.00000e+98         -0.0000000          0.3287549          8.3904831          0.1608619          2.5517966          0.4093740          7.8848273          0.8343691         10.0883322         -0.1685782         -0.4207184         -0.2543366          0.0000000          0.9020567          7.4068255          0.6414903          7.7000742          0.1539232          7.8615422          9.6091806          5.4707228         -0.1366272         -0.5234135         -0.2434271         -0.0000000          0.3801301          9.4869822          0.3225157          7.9529253          0.8337800          2.8990135          2.4711924          6.7393417         -0.1434026         -0.4601012         -0.2504646          0.0000000          0.7596159          3.1580049          0.1957601         12.7232173          0.8234908          5.6266597          5.0738980          0.1696935        1.00000e+98        1.00000e+98        1.00000e+98         -0.0000000          0.5518151          5.5359146          0.1004326         15.5629768          0.8699173          7.8885576          6.4304105          2.3189681        1.00000e+98        1.00000e+98        1.00000e+98          0.0000000          0.8434730          0.2933151          0.9937086          0.5391628          0.1464492          3.4886340          6.6146531         10.0032871         -0.2915537         -0.6221678         -0.2527066          0.0000000          0.3858623          3.3598931          0.8384403          3.5579216          0.1429487          5.2513155          8.3348286          1.5861441        1.00000e+98        1.00000e+98        1.00000e+98          0.0000000          0.9409418          0.6616609          0.1290334          6.4226574          0.5688074         10.6664040          5.5519225          5.6874623        1.00000e+98        1.00000e+98        1.00000e+98          0.0000000          0.0606248          6.4448349          0.6952638          6.8538890          0.1649497          7.4894262          9.3709589          4.8603851        1.00000e+98        1.00000e+98        1.00000e+98          0.0000000          0.3095357          8.2622442          0.1286118          1.6545691          0.3335839          6.4279854         10.3572182          4.7852036        1.00000e+98        1.00000e+98        1.00000e+98         -0.0000000          0.3853313          8.9639756          0.2754163          5.9738230          0.6901593         11.8715645          8.2306419          8.1022064
        1.00000e+98        1.00000e+98        1.00000e+98          0.0000000          0.3621445          1.5246103          0.6307710         15.6694338          0.4148915          3.8960402         10.2817154          2.1777556        1.00000e+98        1.00000e+98        1.00000e+98          0.0000000          0.1621278          4.5227082          0.7288438          3.6932695          0.0422095          4.1089905          5.9692420         11.4473683        1.00000e+98        1.00000e+98        1.00000e+98          0.0000000          0.4523062          5.2426734          0.9705651          9.9376891          0.5866106          1.0845390          9.5553746         10.5399136        1.00000e+98        1.00000e+98        1.00000e+98          0.0000000          0.6751542          5.4962744          0.2210496         17.8842912          0.1224379          1.6692804          4.5037335          7.5421497        1.00000e+98        1.00000e+98        1.00000e+98          0.0000000          0.9954978          6.2122226          0.6162955          4.8190575          0.9673530          2.6469497          3.8410863          7.8571718         -0.1479302         -0.3885881         -0.1923505          0.0000000          0.9665778          6.1848525          0.5843435          4.1286931          0.9020423          1.4410598          1.8421374          4.6523330         -0.1617178         -0.4720473         -0.0749355          0.0000000          0.6558798          0.3591792          0.8108136         16.9307519          0.6534484          6.0779223          1.9912241          9.4382821         -0.1606428         -0.4085834         -0.2544428          0.0000000          0.9442194          7.2865719          0.6720416          8.0684998          0.2020070          8.6657317         10.9972448          7.6629766         -0.2294509         -0.5501382         -0.2202951          0.0000000          0.5557663          1.8763653          0.8615593          1.0628139          0.0427307          2.5423328          4.4089126          8.3203811        1.00000e+98        1.00000e+98        1.00000e+98          0.0000000          0.0623530          8.6725982          0.9200088         15.7640006          0.7030016          5.9819342          3.9660892         11.3171592        1.00000e+98        1.00000e+98        1.00000e+98          0.0000000          0.2748249          3.3424151          0.7245317          1.2563259          0.8979735         11.5740061         10.4565410         10.0305471        1.00000e+98        1.00000e+98        1.00000e+98          0.0000000          0.7077493          5.3975777          0.2440944         18.1462801          0.1579238          2.2568472          5.5222004          9.1481834        1.00000e+98        1.00000e+98        1.00000e+98          0.0000000          0.2238386          1.0070716          0.4392624         13.2842705          0.1097528         10.6644807         11.8757645         10.5402452         -0.1756292         -0.4327679         -0.2540641          0.0000000          0.8682227          7.4447887          0.6111147          7.1712213          0.0981110          6.8675746          7.9374941          2.8050687        1.00000e+98        1.00000e+98        1.00000e+98          0.0000000          0.0192926          3.6079976          0.4930031         19.5347350          0.4702305          6.8794255          0.5679391          8.8165004        1.00000e+98        1.00000e+98        1.00000e+98          0.0000000          0.7740836          5.0477637          0.2760823         18.0860125          0.1863040          2.5654243          6.1753940          8.6408183        1.00000e+98        1.00000e+98        1.00000e+98         -0.0000000          0.2359706          0.7035633          0.4211357         12.3189626          0.0444508          9.2942841          9.7126156          7.0068997        1.00000e+98        1.00000e+98        1.00000e+98          0.0000000          0.3943126          0.9297102          0.6037144         13.9459724          0.3035021          1.5128421          6.5459318          7.9587739        1.00000e+98        1.00000e+98        1.00000e+98         -0.0000000          0.2100554          9.8594813          0.1880102          6.0182807          0.6066906         10.8846016          6.2301309          5.1147326        1.00000e+98        1.00000e+98        1.00000e+98          0.0000000          0.0693999          6.0525797          0.6648628          5.4675396          0.0668843          5.4696080          7.6294813          1.0990893
         -0.2319289         -0.5230144         -0.2533965         -0.0000000          0.5973517         10.0000000          0.5629664         15.4373462          0.3655998          5.2945007         10.0121452          1.7539797        1.00000e+98        1.00000e+98        1.00000e+98          0.0000000          0.6356715          7.3460140          0.0854533         19.3453756          0.4898031          1.0187077          7.5536063          9.3491556        1.00000e+98        1.00000e+98        1.00000e+98          0.0000000          0.2945724          8.3639938          0.1658236         16.2224876          0.0536701          2.8946926          8.0634896          3.7347813        1.00000e+98        1.00000e+98        1.00000e+98          0.0000000          0.0635536          8.8224971          0.7192020         11.0404775          0.1050500          1.5605827         10.9855158          0.7152019        1.00000e+98        1.00000e+98        1.00000e+98          0.0000000          0.1112463          6.7830455          0.9607231          1.9052394          0.7629933         11.7010327         10.6744991          2.9227216        1.00000e+98        1.00000e+98        1.00000e+98          0.0000000          0.2969237          9.3281715          0.3025956          5.3006287          0.9257296          3.3371680          2.1649796         12.0000000         -0.1543028         -0.3893404         -0.2545681         -0.0000000          1.0000000         10.0000000          0.7718673          4.5288769          0.1029886         10.7030585          7.9685329          2.8379109        1.00000e+98        1.00000e+98        1.00000e+98          0.0000000          0.3252530          6.0002214          0.6789843          1.1949575          0.9900000          6.6444635          4.2492919          0.3170473        1.00000e+98        1.00000e+98        1.00000e+98         -0.0000000          0.0100000          7.2617958          0.0055185         15.4373462          0.0358057          7.6063199         12.0000000          6.7365213        1.00000e+98        1.00000e+98        1.00000e+98          0.0000000          0.3167350          3.5997385          0.5761832          4.9205888          0.6190183          6.3327663          1.7369220          0.5011607        1.00000e+98        1.00000e+98        1.00000e+98          0.0000000          0.2813310          5.4540495          0.1270547         19.0501694          0.1144488          5.9925208         11.3165761          0.6874652         -0.1688765         -0.5750001         -0.2522042          0.0000000          0.3116401          8.8388104          0.4678172         13.3866446          0.9763375          9.3311344          6.4474582          1.2955046         -0.1786007         -0.4437472         -0.2532627          0.0000000          0.8343454          7.4020172          0.2747932          9.8177057          0.7244779          5.6641546          0.6437735          3.5415019        1.00000e+98        1.00000e+98        1.00000e+98         -0.0000000          0.4599432          8.8645922          0.7016096         12.1752294          0.0492499         11.4539530          2.4056807          6.6464566        1.00000e+98        1.00000e+98        1.00000e+98          0.0000000          0.3508263          7.3831101          0.3241738          5.1242757          0.8157107         10.7311459          3.4461450          5.8906234        1.00000e+98        1.00000e+98        1.00000e+98          0.0000000          0.6212770          4.1354639          0.2936945          0.7019346          0.7814347         10.4489183          7.4361497          0.2396209        1.00000e+98        1.00000e+98        1.00000e+98         -0.0000000          0.4023059          0.3467860          0.1531779         20.0000000          0.9900000         12.0000000          9.2624077          2.4827564        1.00000e+98        1.00000e+98        1.00000e+98         -0.0000000          0.5510093          5.7735172          0.8930514          7.2202253          0.4412167          5.1331189          8.0251965          9.4514465        1.00000e+98        1.00000e+98        1.00000e+98          0.0000000          0.4196775          0.4621992          0.6693322         17.8041544          0.4820160          2.9524166          5.3308688          1.1267660        1.00000e+98        1.00000e+98        1.00000e+98          0.0000000          0.4034379          7.5211750          1.0000000         20.0000000          0.0145122          5.9192608          5.5751583          0.5976071
         -0.2498159         -0.5690187         -0.2386341         -0.0000000          0.5403203          3.9171518          0.6944626         16.0308778          0.1553460          2.8310326          9.3193110          9.5258976        1.00000e+98        1.00000e+98        1.00000e+98         -0.0000000          0.5594569          3.2748123          0.8762066          2.4330847          0.5878500          4.9111797          5.1305122          3.3959478        1.00000e+98        1.00000e+98        1.00000e+98          0.0000000          0.9127781          3.5420934          0.6637775         20.0000000          0.3024589         11.0539829          1.7004353          8.4584981        1.00000e+98        1.00000e+98        1.00000e+98          0.0000000          0.5774826          2.2390612          0.4275427         15.2023499          0.3286592          5.1403641          2.4692629         11.7703620         -0.1560200         -0.4689120         -0.1071794          0.0000000          0.6634082          0.5486742          0.5283455         11.6902301          0.5825796          4.0544072          0.1000000          3.4325016        1.00000e+98        1.00000e+98        1.00000e+98          0.0000000          0.6133368          5.6842112          0.0494312         16.3864152          0.0306400          5.0771135          8.0986742         10.8666625        1.00000e+98        1.00000e+98        1.00000e+98          0.0000000          0.8894784          6.1703706          0.2535007          6.1966009          0.5882907          5.1805529          8.9920901          4.5448809        1.00000e+98        1.00000e+98        1.00000e+98          0.0000000          0.4498933          5.1118302          0.5636125         18.9560950          0.2332257          2.2966997         12.0000000          5.4580515        1.00000e+98        1.00000e+98        1.00000e+98         -0.0000000          0.9094347          7.5755191          0.1318459          6.7503005          0.7054724         10.0620096          1.2424055          4.8341599        1.00000e+98        1.00000e+98        1.00000e+98          0.0000000          0.8749232          4.3794289          0.0000000         17.7626726          0.3085764          3.3482906          7.7444416          0.5169146        1.00000e+98        1.00000e+98        1.00000e+98          0.0000000          0.1346799          9.3335086          0.7560357         14.8411106          0.1356651          2.2952803          1.0502300          8.1881086        1.00000e+98        1.00000e+98        1.00000e+98          0.0000000          0.9984728         10.0000000          0.2060168         12.3156950          0.1022511          1.5742012         12.0000000          3.8144814        1.00000e+98        1.00000e+98        1.00000e+98          0.0000000          0.0896193          9.5158503          0.6012479          4.8128051          0.4207949          2.3566807          8.4584981         12.0000000        1.00000e+98        1.00000e+98        1.00000e+98          0.0000000          0.8816781          4.2394398          0.5167715         15.3154769          0.3115347          5.0862296          5.6220161          3.0420581         -0.1982025         -0.4628964         -0.2544417          0.0000000          0.7179312          9.2511009          0.9003336         10.0158607          0.2793576          7.9256479          6.6707300          2.6854545        1.00000e+98        1.00000e+98        1.00000e+98         -0.0000000          0.0100000          7.2489429          0.1886981          7.9676324          0.0100000         10.3508204          2.0621465          8.7859344        1.00000e+98        1.00000e+98        1.00000e+98          0.0000000          0.2171720          5.8766144          0.1288499         15.6253683          0.9900000         12.0000000          5.4241958         11.6983808        1.00000e+98        1.00000e+98        1.00000e+98          0.0000000          0.4322636          6.4162236          1.0000000          4.9609300          0.9507365          8.0838998          3.5384042          0.1000000        1.00000e+98        1.00000e+98        1.00000e+98          0.0000000          0.8705987          4.0457704          0.1773906          0.1000000          0.9207222          6.9364689          2.8548892          4.4578023        1.00000e+98        1.00000e+98        1.00000e+98          0.0000000          0.0505018          3.9002665          0.5126440         11.7750425          0.1960847          5.3235376         11.5437421          0.4204430
        1.00000e+98        1.00000e+98        1.00000e+98          0.0000000          0.5973517         10.0000000          0.5629664         15.4373462          0.3655998          2.3815501         10.0121452          1.7539797         -0.2319248         -0.5229891         -0.2534075          0.0000000          0.5973517         10.0000000          0.5629664         15.4373462          0.3655998          5.3048185         10.0121452          1.7539797         -0.2319322         -0.5230351         -0.2533876          0.0000000          0.5973517         10.0000000          0.5629664         15.4373462          0.3655998          5.2861674         10.0121452          1.7539797         -0.2319255         -0.5229940         -0.2534054          0.0000000          0.5973517         10.0000000          0.5629664         15.4373462          0.3655998          5.3028341         10.0121452          1.7539797         -0.2319322         -0.5230351         -0.2533876          0.0000000          0.5973517         10.0000000          0.5629664         15.4373462          0.3655998          5.2861674         10.0121452          1.7539797         -0.2319255         -0.5229940         -0.2534054          0.0000000          0.5973517         10.0000000          0.5629664         15.4373462          0.3655998          5.3028341         10.0121452          1.7539797         -0.2319322         -0.5230351         -0.2533876          0.0000000          0.5973517         10.0000000          0.5629664         15.4373462          0.3655998          5.2861674         10.0121452          1.7539797         -0.2319255         -0.5229940         -0.2534054          0.0000000          0.5973517         10.0000000          0.5629664         15.4373462          0.3655998          5.3028341         10.0121452          1.7539797        1.00000e+98        1.00000e+98        1.00000e+98         -0.0000000          0.5973517         10.0000000          0.5629664         15.4373462          0.9900000          5.2945007         10.0121452          1.7539797         -0.2320113         -0.5229999         -0.2533965         -0.0000000          0.5973517         10.0000000          0.5629664         15.4373462          0.3572664          5.2945007         10.0121452          1.7539797         -0.2318441         -0.5230271         -0.2533965         -0.0000000          0.5973517         10.0000000          0.5629664         15.4373462          0.3739331          5.2945007         10.0121452          1.7539797         -0.2320113         -0.5229999         -0.2533965         -0.0000000          0.5973517         10.0000000          0.5629664         15.4373462          0.3572664          5.2945007         10.0121452          1.7539797         -0.2318441         -0.5230271         -0.2533965         -0.0000000          0.5973517         10.0000000          0.5629664         15.4373462          0.3739331          5.2945007         10.0121452          1.7539797         -0.2320113         -0.5229999         -0.2533965         -0.0000000          0.5973517         10.0000000          0.5629664         15.4373462          0.3572664          5.2945007         10.0121452          1.7539797         -0.2318441         -0.5230271         -0.2533965         -0.0000000          0.5973517         10.0000000          0.5629664         15.4373462          0.3739331          5.2945007         10.0121452          1.7539797         -0.2320113         -0.5229999         -0.2533965         -0.0000000          0.5973517         10.0000000          0.5629664         15.4373462          0.3572664          5.2945007         10.0121452          1.7539797        1.00000e+98        1.00000e+98        1.00000e+98         -0.0000000          0.0100000         10.0000000          0.5629664         15.4373462          0.3655998          5.2945007         10.0121452          1.7539797         -0.2298008         -0.5198396         -0.2533889         -0.0000000          0.6056850         10.0000000          0.5629664         15.4373462          0.3655998          5.2945007         10.0121452          1.7539797         -0.2340890         -0.5262269         -0.2534042         -0.0000000          0.5890184         10.0000000          0.5629664         15.4373462          0.3655998          5.2945007         10.0121452          1.7539797         -0.2298008         -0.5198396         -0.2533889         -0.0000000          0.6056850         10.0000000          0.5629664         15.4373462          0.3655998          5.2945007         10.0121452          1.7539797
         -0.1010469         -0.3851961         -0.0402233          0.0000000          0.8950958          0.6842466          0.7672355         14.4585265          0.0793732          0.5306970          7.3278468          1.1319857        1.00000e+98        1.00000e+98        1.00000e+98          0.0000000          0.7192136          8.1881653          0.5377586         16.0875052          0.4638066         10.5286008          8.2964033          9.5964816        1.00000e+98        1.00000e+98        1.00000e+98          0.0000000          0.6934466          6.4781880          0.2090261         17.4455028          0.3426879          8.1950068         11.7590681          3.2787472        1.00000e+98        1.00000e+98        1.00000e+98          0.0000000          0.1931189          9.2984940          0.4746008         14.8480533          0.4089873          4.7546613          6.0288391          7.8156506        1.00000e+98        1.00000e+98        1.00000e+98          0.0000000          0.9674667         10.0000000          0.1057144         11.2029015          0.2240511          1.1122277          3.5190587         10.5540879        1.00000e+98        1.00000e+98        1.00000e+98          0.0000000          0.6327455          0.3292668          0.1474515         20.0000000          0.4150129         11.7734559          8.5591229          2.1623354        1.00000e+98        1.00000e+98        1.00000e+98          0.0000000          0.8567997          4.7340496          0.2583083         16.5053973          0.9722606          7.1994178          9.2783769          4.0186560         -0.2450108         -0.5980329         -0.1487694          0.0000000          0.5009052          0.6850013          0.8511952         12.3506533          0.0590512          2.5463098          9.4410802          6.5776775        1.00000e+98        1.00000e+98        1.00000e+98          0.0000000          0.2300821          1.7140401          0.6394193         17.6799808          0.6437571          6.6285171          6.3789496          9.2710237        1.00000e+98        1.00000e+98        1.00000e+98         -0.0000000          0.4834875          8.6393402          0.8590043          4.6686239          0.4823276          9.4142884          0.4708848          9.2118825        1.00000e+98        1.00000e+98        1.00000e+98          0.0000000          0.4855332          2.1809259          0.4503171         14.3991240          0.3620882          2.0728113          7.9839777          1.6385469        1.00000e+98        1.00000e+98        1.00000e+98          0.0000000          0.2774829          7.8861932          0.0587836         17.1806204          0.3173341          5.2646638          0.8730327         10.4697880        1.00000e+98        1.00000e+98        1.00000e+98          0.0000000          0.6953982          7.6904638          0.9978189         17.3139186          0.2137540         11.1617491          8.2964033          5.3319394        1.00000e+98        1.00000e+98        1.00000e+98          0.0000000          0.2774829          4.7047779          0.8752208          1.0367328          0.0978905          3.9768793         11.8285948          2.2890575        1.00000e+98        1.00000e+98        1.00000e+98          0.0000000          0.2737168          4.9696823          0.7306432         18.3819523          0.4261356          7.8539835         11.6634026          3.6812944        1.00000e+98        1.00000e+98        1.00000e+98          0.0000000          0.7689904          5.4250773          0.9462373          1.0404765          0.4475964          3.3819573          1.4669937          6.7094504         -0.2258867         -0.5198911         -0.2445880          0.0000000          0.5779198          4.9696823          0.5942824          6.0917468          0.4550027          3.2609893          4.4211781         10.2690453        1.00000e+98        1.00000e+98        1.00000e+98          0.0000000          0.4280423          5.5643929          0.9692161         11.1528359          0.6429083         10.9920917          4.8835945         10.3118290        1.00000e+98        1.00000e+98        1.00000e+98          0.0000000          0.4304521          8.5048708          0.8888743          1.7915449          0.2291211          6.4964886         11.3528066          1.3086951        1.00000e+98        1.00000e+98        1.00000e+98          0.0000000          0.6542948          9.3822266          0.4027318          9.8630890          0.2367065          0.9359900          8.2420059          6.0072267
        1.00000e+98        1.00000e+98        1.00000e+98          0.0000000          0.4576873          2.5884797          0.9510597         12.7010348          0.8511371          3.9538394          1.5652540         10.6060404         -0.1515406         -0.4257268         -0.1488588         -0.0000000          0.7475463          1.5444011          0.4547785         16.0371585          0.7064864          1.2248202          0.1282482          1.5300346        1.00000e+98        1.00000e+98        1.00000e+98          0.0000000          0.3672037          6.0901374          0.1382636         18.6729177          0.3346556          1.4145763          6.4122082          1.0757980        1.00000e+98        1.00000e+98        1.00000e+98          0.0000000          0.1731099          6.9761148          0.6799833          2.7523946          0.2690316          7.1206776         10.6982881          1.4067685        1.00000e+98        1.00000e+98        1.00000e+98          0.0000000          0.2957889          9.2040068          0.0046202         19.1660076          0.5962511         10.0926979          9.8174683          4.4034504        1.00000e+98        1.00000e+98        1.00000e+98          0.0000000          0.3143211          3.0540949          0.2490909         14.0786293          0.7167737          1.0686881          8.2397908          7.8895531        1.00000e+98        1.00000e+98        1.00000e+98          0.0000000          0.1183731          1.8607762          0.5104234         17.4278584          0.2170135          4.9725709          6.5612113          1.9247958        1.00000e+98        1.00000e+98        1.00000e+98         -0.0000000          0.9950330          3.6397124          0.6404112          0.7214468          0.3872357          2.3400140          2.0746810          7.4262049         -0.1361486         -0.4479344         -0.2373203          0.0000000          0.7308715          4.4465879          0.5424873          5.9499780          0.5198060          2.9061946          6.4392300          3.4698542         -0.2665570         -0.5909836         -0.2545525          0.0000000          0.3481433          7.3166936          0.7320877          7.7212617          0.5194795          9.3905115          0.9360445          6.5492971        1.00000e+98        1.00000e+98        1.00000e+98          0.0000000          0.9063605          3.1003438          0.0224095         19.3519176          0.7862450          6.4806683         11.9790368          5.3871926        1.00000e+98        1.00000e+98        1.00000e+98          0.0000000          0.1921684          0.5518110          0.9794129          2.2735678          0.5330247          4.4031171          4.6224335          3.1186553        1.00000e+98        1.00000e+98        1.00000e+98          0.0000000          0.8936570          4.7340496          0.2583083         10.5718860          0.9722606          7.1994178          9.2783769          4.0186560        1.00000e+98        1.00000e+98        1.00000e+98          0.0000000          0.5009052          0.6850013          0.0678266         20.0000000          0.1334726          1.8399579          4.4959313          4.3362237        1.00000e+98        1.00000e+98        1.00000e+98          0.0000000          0.0121227          8.7573301          0.3035677          2.3240633          0.4056964         10.5286008          6.4167439          2.2999904        1.00000e+98        1.00000e+98        1.00000e+98          0.0000000          0.2766576          2.7174911          0.4850145         19.4847050          0.4928074         11.2155196          9.6370645          2.7023964        1.00000e+98        1.00000e+98        1.00000e+98         -0.0000000          0.1518180          4.2683184          0.3040562         16.1756324          0.1817233         10.1923293         10.5629530          0.9773153        1.00000e+98        1.00000e+98        1.00000e+98         -0.0000000          0.1866365          6.4923926          0.5446611          1.9863751          0.3540158          5.9125474         11.7278871          1.8207351         -0.2178048         -0.5269784         -0.2544858          0.0000000          0.4877150          5.8229449          0.7753145          5.2686979          0.6726643          9.1026180          0.9360445          6.5492971        1.00000e+98        1.00000e+98        1.00000e+98          0.0000000          0.9537552          4.0020700          0.3690187         16.8386846          0.8952517          6.6351621          5.2939705          2.4226601
         -0.2665579         -0.5894247         -0.2545555          0.0000000          0.3481433          9.7195050          0.7320877          7.7212617          0.5194795          9.3905115          0.9360445          6.5492971         -0.2665570         -0.5909910         -0.2545525          0.0000000          0.3481433          7.3081828          0.7320877          7.7212617          0.5194795          9.3905115          0.9360445          6.5492971         -0.2665571         -0.5909763         -0.2545526          0.0000000          0.3481433          7.3250270          0.7320877          7.7212617          0.5194795          9.3905115          0.9360445          6.5492971         -0.2665570         -0.5909908         -0.2545525          0.0000000          0.3481433          7.3083603          0.7320877          7.7212617          0.5194795          9.3905115          0.9360445          6.5492971         -0.2665571         -0.5909763         -0.2545526          0.0000000          0.3481433          7.3250270          0.7320877          7.7212617          0.5194795          9.3905115          0.9360445          6.5492971         -0.2665570         -0.5909908         -0.2545525          0.0000000          0.3481433          7.3083603          0.7320877          7.7212617          0.5194795          9.3905115          0.9360445          6.5492971         -0.2665571         -0.5909763         -0.2545526          0.0000000          0.3481433          7.3250270          0.7320877          7.7212617          0.5194795          9.3905115          0.9360445          6.5492971         -0.2665570         -0.5909908         -0.2545525          0.0000000          0.3481433          7.3083603          0.7320877          7.7212617          0.5194795          9.3905115          0.9360445          6.5492971         -0.2752250         -0.5932658         -0.2545525          0.0000000          0.3481433          7.3166936          0.7320877          7.7212617          0.0100000          9.3905115          0.9360445          6.5492971         -0.2661579         -0.5907663         -0.2545525          0.0000000          0.3481433          7.3166936          0.7320877          7.7212617          0.5278128          9.3905115          0.9360445          6.5492971         -0.2669422         -0.5911989         -0.2545525          0.0000000          0.3481433          7.3166936          0.7320877          7.7212617          0.5111461          9.3905115          0.9360445          6.5492971         -0.2661579         -0.5907663         -0.2545525          0.0000000          0.3481433          7.3166936          0.7320877          7.7212617          0.5278128          9.3905115          0.9360445          6.5492971         -0.2669422         -0.5911989         -0.2545525          0.0000000          0.3481433          7.3166936          0.7320877          7.7212617          0.5111461          9.3905115          0.9360445          6.5492971         -0.2661579         -0.5907663         -0.2545525          0.0000000          0.3481433          7.3166936          0.7320877          7.7212617          0.5278128          9.3905115          0.9360445          6.5492971         -0.2669422         -0.5911989         -0.2545525          0.0000000          0.3481433          7.3166936          0.7320877          7.7212617          0.5111461          9.3905115          0.9360445          6.5492971         -0.2661579         -0.5907663         -0.2545525          0.0000000          0.3481433          7.3166936          0.7320877          7.7212617          0.5278128          9.3905115          0.9360445          6.5492971         -0.2631311         -0.5882524         -0.2545755          0.0000000          0.3481433          7.3166936          0.7320877          7.7212617          0.5194795         12.0000000          0.9360445          6.5492971         -0.2665882         -0.5910153         -0.2545523          0.0000000          0.3481433          7.3166936          0.7320877          7.7212617          0.5194795          9.3811883          0.9360445          6.5492971         -0.2665294         -0.5909555         -0.2545527          0.0000000          0.3481433          7.3166936          0.7320877          7.7212617          0.5194795          9.3988448          0.9360445          6.5492971         -0.2665849         -0.5910120         -0.2545523          0.0000000          0.3481433          7.3166936          0.7320877          7.7212617          0.5194795          9.3821782          0.9360445          6.5492971
        1.00000e+98        1.00000e+98        1.00000e+98          0.0000000          0.1936864          9.9907401          0.7677075          2.3284332          0.2410525          1.3457081          9.3249452          9.8660444        1.00000e+98        1.00000e+98        1.00000e+98          0.0000000          0.2166531          9.6619213          0.7588908         10.0661210          0.3862121          5.1784811          4.3031126          5.6439612         -0.1912332         -0.4698791         -0.2544632          0.0000000          0.7180971          5.5702857          0.6788977          2.2414684          0.6528446          8.8433776          1.5374154          3.9850348        1.00000e+98        1.00000e+98        1.00000e+98          0.0000000          0.9357315          6.1632825          0.4415300         17.0018067          0.7095270          1.7502648          8.5655039          6.2290611        1.00000e+98        1.00000e+98        1.00000e+98          0.0000000          0.4717952          1.0825229          0.5313611         12.2062816          0.2284023          7.0055239          7.9467690          0.5330417        1.00000e+98        1.00000e+98        1.00000e+98          0.0000000          0.1785772          6.3347902          0.1980984         10.7905367          0.3277562          6.2929133          1.5374154          3.9392119         -0.1434104         -0.5242909         -0.1977424          0.0000000          0.8167649          1.3003396          0.8554840         15.6534441          0.5141479          5.2947310          1.1849065          5.1319802        1.00000e+98        1.00000e+98        1.00000e+98          0.0000000          0.8019070          0.8818814          0.2754010          8.2228858          0.0576937         11.6423670          5.3654278          9.0178299         -0.1447980         -0.5489835         -0.2483304          0.0000000          0.3375481          2.9849591          0.2849958         10.8964090          0.3844589          4.3516033          2.2638765          0.9044499        1.00000e+98        1.00000e+98        1.00000e+98          0.0000000          0.3704530          5.5335075          0.5520096         10.6290900          0.0237686          6.2868641          1.8051006          4.4544190         -0.1746196         -0.4387414         -0.2140721          0.0000000          0.8167649          4.7284956          0.9011647         15.6534441          0.4396821          1.9180162         11.4956467          2.1902864         -0.1739431         -0.4360634         -0.2545616          0.0000000          0.8149539          7.8706918          0.5795317          2.5617858          0.8901201         10.3731468          9.0574021          5.6326929         -0.1682916         -0.4936091         -0.2531913          0.0000000          0.9598345          2.9051505          0.6944988         15.3058435          0.2776640          9.4171268          0.4975134         10.5233852        1.00000e+98        1.00000e+98        1.00000e+98          0.0000000          0.3880784          8.2793823          0.2707969          4.1256585          0.3434067         10.0061847          1.9978653          1.4360979        1.00000e+98        1.00000e+98        1.00000e+98          0.0000000          0.2333508          9.6087552          0.9988979         12.3913222          0.5403431          9.4171268          6.6916830          1.7580144         -0.1757987         -0.4522425         -0.2542155         -0.0000000          0.8083820          5.2115583          0.7186477          2.1440416          0.4974316          7.8470388          6.1188034          4.6034270         -0.2641980         -0.5903520         -0.2545327         -0.0000000          0.3976946          6.7681176          0.8837276          6.8370843          0.0430114          8.8992084          4.4873527         10.4862095         -0.2537165         -0.5652930         -0.2545693         -0.0000000          0.4784735          8.7142886          0.4995069          7.2717715          0.4338661         10.6032705          3.3975483          4.9164080        1.00000e+98        1.00000e+98        1.00000e+98          0.0000000          0.4362312          4.2539903          0.9724060          1.5937318          0.4470124          3.0181232          4.6782536          7.7923698         -0.2935058         -0.6329810         -0.2545739          0.0000000          0.3082082          4.9521150          0.6511354         11.6731682          0.5212409         11.4418677          1.4444402          8.6477378
         -0.1613093         -0.5065090         -0.1166245          0.0000000          0.7134465          0.6338628          0.9480085          9.4891419          0.1676318          4.5798225          2.5501792         11.6224097         -0.1749621         -0.4348420         -0.2545834          0.0000000          0.8739235          6.4280494          0.7453487         11.3810004          0.0154547         11.9135627          8.8737731          1.2692863        1.00000e+98        1.00000e+98        1.00000e+98          0.0000000          0.9355716          6.5889268          0.4284417          2.3623205          0.9829478          9.7163484          7.9967652          4.2740964        1.00000e+98        1.00000e+98        1.00000e+98         -0.0000000          0.7777676          8.1159325          0.1149865         12.4879458          0.5196815         10.8991357          4.6388403         11.6908085        1.00000e+98        1.00000e+98        1.00000e+98          0.0000000          0.2231782          3.4478899          0.4457069          1.1950617          0.9095788          3.5935045          3.3434024          9.2898163         -0.2036535         -0.5101291         -0.2515747         -0.0000000          0.6816297          3.3372997          0.6308459         16.6261186          0.6317382          5.5433857          4.2322268         10.2592649        1.00000e+98        1.00000e+98        1.00000e+98          0.0000000          0.8301202          4.0986800          0.5552794          9.5737997          0.2324573          0.7343842         10.8604613          5.2356812        1.00000e+98        1.00000e+98        1.00000e+98          0.0000000          0.3708689          2.7101474          0.2786130         14.7706496          0.5239353          7.1677496          4.0832300         10.4053917         -0.1469110         -0.4537597         -0.0351407          0.0000000          0.7189059          0.1831078          0.6772549          8.6249499          0.6481332          7.0424409          3.8233295         11.4113619         -0.1017840         -0.3937479         -0.0222588          0.0000000          0.9236593          0.1488063          0.5282110          6.3882908          0.5803804          7.9232426          8.0793834          5.4448793        1.00000e+98        1.00000e+98        1.00000e+98          0.0000000          0.2541584          5.3675008          0.9970389          8.4525385          0.1501386         10.6847211          9.3805783         10.0572236        1.00000e+98        1.00000e+98        1.00000e+98          0.0000000          0.5127611          9.3530970          0.1640221         15.1523163          0.4083989          4.6725965          5.3350523          5.9204315        1.00000e+98        1.00000e+98        1.00000e+98          0.0000000          0.5644476          0.0100000          0.8602905          0.5247066          0.2894364          5.4312552          9.2294052          4.7817296         -0.2227732         -0.5072260         -0.2545764          0.0000000          0.6023625          7.7612082          0.7793451          7.6150397          0.3371126         11.5864383         11.4067512          7.8408197        1.00000e+98        1.00000e+98        1.00000e+98          0.0000000          0.6780368          6.7216343          0.0086700          5.0352638          0.7502830          6.8000623          5.2875387          3.0974529        1.00000e+98        1.00000e+98        1.00000e+98          0.0000000          0.3211441          4.5753738          0.7728590         11.3810004          0.1169873          1.7344161          7.6827033          3.1062349        1.00000e+98        1.00000e+98        1.00000e+98          0.0000000          0.3121560          1.5496906          0.7959711         13.3770248          0.9511884         11.9659621          3.0337072          1.5090929        1.00000e+98        1.00000e+98        1.00000e+98         -0.0000000          0.2267616          3.8581002          0.9196272          2.0746453          0.5003708          9.6308406          4.0816385          1.8145599        1.00000e+98        1.00000e+98        1.00000e+98         -0.0000000          0.0503526          1.6375720          0.9722653          5.1084116          0.5731369          7.8370845          5.8783097          3.2723219         -0.2481823         -0.5517990         -0.2535199          0.0000000          0.5195903          7.2084840          0.5159443          2.2322659          0.2165506          5.5282076         10.0262746          0.3677072
        1.00000e+98        1.00000e+98        1.00000e+98         -0.0000000          0.9913685          3.0394216          0.9431158          0.2023381          0.9205067          9.7732773          3.2419833          3.1459200         -0.2412933         -0.5526569         -0.2545535          0.0000000          0.5507441          6.3439533          0.4246671          5.9748434          0.4164789          9.8663346         10.3091630          7.0414612        1.00000e+98        1.00000e+98        1.00000e+98         -0.0000000          0.5419539          9.0385465          0.8392472         16.5548401          0.6954720          6.3548542          3.4527271          6.8807427         -0.2475815         -0.5533502         -0.2545717          0.0000000          0.5287253          7.6181190          0.5006962          6.2671012          0.4391695         10.9181093         11.3521338          6.8428985        1.00000e+98        1.00000e+98        1.00000e+98          0.0000000          0.2428076          9.3716178          0.7164241          2.2134072          0.2064943         11.3156952          1.9681643          1.4806709        1.00000e+98        1.00000e+98        1.00000e+98          0.0000000          0.0276005          1.5945777          0.2120211          0.7365211          0.8664295          7.1954437          0.3355589          0.3467033         -0.1784401         -0.4666530         -0.2543243          0.0000000          0.6684753          8.0025908          0.8262443          6.8991242          0.9251782          9.9776418          2.2865278          8.6535009         -0.2328220         -0.5425846         -0.2545695          0.0000000          0.4664254          9.0385465          0.9271708          9.6891550          0.1084045         10.6180902          2.5629667          9.0563462         -0.2405863         -0.5497957         -0.2435860          0.0000000          0.5424126          6.9690045          0.9191529         14.4037082          0.4308341          2.9793653          3.3050546          9.0998905         -0.1690483         -0.4546321         -0.2544713         -0.0000000          0.8382382          4.1344771          0.6936561          3.9518577          0.9254471         10.2094226         11.6817008          4.4387949        1.00000e+98        1.00000e+98        1.00000e+98          0.0000000          0.9987402          3.5232110          0.2265894         11.8165760          0.6070390          0.1998312          9.5968578          5.5326028        1.00000e+98        1.00000e+98        1.00000e+98         -0.0000000          0.4893769          5.9969765          1.0000000          0.7088601          0.8726310         11.2033025          2.2364901          9.3679402         -0.1402562         -0.3751564         -0.1211129          0.0000000          0.8475287          6.2692506          0.4508181         14.4491118          0.4255485          0.6677276          0.9927951          1.7348194        1.00000e+98        1.00000e+98        1.00000e+98         -0.0000000          0.3153222          9.4580012          0.6895545          3.0791477          0.4355609         11.9726715         12.0000000          9.7510038        1.00000e+98        1.00000e+98        1.00000e+98          0.0000000          0.0792948          8.7533989          0.6936561          1.9491121          0.0137051          0.3660121          0.5134324         11.3951329        1.00000e+98        1.00000e+98        1.00000e+98         -0.0000000          0.5297952          0.4209338          0.9658743          9.1398220          0.8658760         10.6187139          3.7213337          8.6535009        1.00000e+98        1.00000e+98        1.00000e+98          0.0000000          0.1205946          8.2235227          0.6446254          4.8173307          0.0618406          2.6638186          4.3295824          8.6095758        1.00000e+98        1.00000e+98        1.00000e+98         -0.0000000          0.7379129          9.6182353          0.4801871         19.0877579          0.2606906          8.1288610          3.8742823         11.5695707        1.00000e+98        1.00000e+98        1.00000e+98          0.0000000          0.5244014          6.9690045          0.9191529          1.4809914          0.4193309          2.1555965          0.7597057          0.8960783         -0.1643065         -0.4102561         -0.2182173          0.0000000          0.8588690          8.3221314          0.7164336          5.6691328          0.7878223          1.8656217          2.5817480         10.7590970
        1.00000e+98        1.00000e+98        1.00000e+98          0.0000000          0.5862317          3.5232110          0.2764956         18.7546059          0.5642559          1.6365720         10.1383191          9.1526829        1.00000e+98        1.00000e+98        1.00000e+98          0.0000000          0.6858830          9.2644605          0.0960837         18.5843540          0.4542442          1.6992167          5.9232628         10.2173093        1.00000e+98        1.00000e+98        1.00000e+98          0.0000000          0.6218072          2.8868372          0.5361587         18.6561646          0.1059271          2.4167594          7.7688775          6.7658663        1.00000e+98        1.00000e+98        1.00000e+98          0.0000000          0.9441350          3.4723284          0.1528199         11.1628113          0.4572338          6.3022696         11.1318015          0.9539454         -0.1571120         -0.4222484         -0.2498128          0.0000000          0.9645589          6.2137921          0.4099434          8.6381445          0.6685351          4.4163204          2.8581736         10.1579579        1.00000e+98        1.00000e+98        1.00000e+98          0.0000000          0.2869762          9.0340605          0.7115700          3.2710336          0.1562626          0.2239739          1.2730230          7.1003024        1.00000e+98        1.00000e+98        1.00000e+98          0.0000000          0.2401046          2.0709357          0.7860568          6.6068023          0.3176481          4.3161683          9.4394908          3.2092308         -0.2557659         -0.5714959         -0.2545626          0.0000000          0.5145963          3.3216718          0.8110386         14.8402285          0.1040672         10.9453422         11.4909967          7.9073737        1.00000e+98        1.00000e+98        1.00000e+98          0.0000000          0.8248293          7.6884156          0.5270896         19.7949908          0.3706841          5.2076877          0.7893899          9.8536230        1.00000e+98        1.00000e+98        1.00000e+98          0.0000000          0.4805736          5.3518836          0.2764531         14.7465689          0.4724929          7.0022628          3.4634283         10.4997273         -0.2736161         -0.5954846         -0.0903874         -0.0000000          0.4205944          7.5369440          0.7003895          9.5192332          0.2128917          0.4439074         10.8468695          9.7510038        1.00000e+98        1.00000e+98        1.00000e+98          0.0000000          0.3457207          1.5328364          0.8757874         10.4123189          0.4456482          7.0124800          1.8922589          4.1457311         -0.1699590         -0.4303080         -0.2545774          0.0000000          0.8599247          6.4816321          0.9473748         11.3784154          0.6988598         11.4458373          4.9031465          1.9866154        1.00000e+98        1.00000e+98        1.00000e+98          0.0000000          0.4361612          1.5543442          0.5314932         18.6677864          0.0120733          9.0168576         11.8259234         10.6022689        1.00000e+98        1.00000e+98        1.00000e+98          0.0000000          0.3437501          4.5080000          0.6217663          7.6888609          0.1374335          4.6611706          4.7402134          2.8900477        1.00000e+98        1.00000e+98        1.00000e+98          0.0000000          0.6427322          6.9506690          0.4046694          7.8246082          0.0769460         11.7171342         11.2195638          8.4451004        1.00000e+98        1.00000e+98        1.00000e+98          0.0000000          0.6113144          0.0423392          0.7699159         18.2944133          0.0490429          8.9548246         11.2640449          8.1763241         -0.2061275         -0.4843441         -0.2543927          0.0000000          0.6676244          7.0832848          0.4108447          3.3654996          0.4662508          7.7946118          4.4897794         10.0399132        1.00000e+98        1.00000e+98        1.00000e+98          0.0000000          0.3802243          5.4008915          0.9087951         14.3526406          0.9256613         10.8210233          3.3050546         11.2481091        1.00000e+98        1.00000e+98        1.00000e+98          0.0000000          0.5937409          9.0925903          0.8262443         10.3314997          0.0817670          1.4595787          6.3663966          6.1980070
        1.00000e+98        1.00000e+98        1.00000e+98          0.0000000          0.6023625          7.7612082          0.1138984          7.6150397          0.3371126         11.5864383         11.4067512          7.8408197         -0.2222401         -0.5067995         -0.2545764          0.0000000          0.6023625          7.7612082          0.7876785          7.6150397          0.3371126         11.5864383         11.4067512          7.8408197         -0.2232744         -0.5076565         -0.2545764          0.0000000          0.6023625          7.7612082          0.7710118          7.6150397          0.3371126         11.5864383         11.4067512          7.8408197         -0.2222401         -0.5067995         -0.2545764          0.0000000          0.6023625          7.7612082          0.7876785          7.6150397          0.3371126         11.5864383         11.4067512          7.8408197         -0.2232744         -0.5076565         -0.2545764          0.0000000          0.6023625          7.7612082          0.7710118          7.6150397          0.3371126         11.5864383         11.4067512          7.8408197         -0.2222401         -0.5067995         -0.2545764          0.0000000          0.6023625          7.7612082          0.7876785          7.6150397          0.3371126         11.5864383         11.4067512          7.8408197         -0.2232744         -0.5076565         -0.2545764          0.0000000          0.6023625          7.7612082          0.7710118          7.6150397          0.3371126         11.5864383         11.4067512          7.8408197         -0.2222401         -0.5067995         -0.2545764          0.0000000          0.6023625          7.7612082          0.7876785          7.6150397          0.3371126         11.5864383         11.4067512          7.8408197         -0.2227734         -0.5041072         -0.2545753          0.0000000          0.6023625          9.8078307          0.7793451          7.6150397          0.3371126         11.5864383         11.4067512          7.8408197         -0.2227732         -0.5072423         -0.2545764          0.0000000          0.6023625          7.7528748          0.7793451          7.6150397          0.3371126         11.5864383         11.4067512          7.8408197         -0.2227732         -0.5072097         -0.2545764          0.0000000          0.6023625          7.7695415          0.7793451          7.6150397          0.3371126         11.5864383         11.4067512          7.8408197         -0.2227732         -0.5072423         -0.2545764          0.0000000          0.6023625          7.7528748          0.7793451          7.6150397          0.3371126         11.5864383         11.4067512          7.8408197         -0.2227732         -0.5072097         -0.2545764          0.0000000          0.6023625          7.7695415          0.7793451          7.6150397          0.3371126         11.5864383         11.4067512          7.8408197         -0.2227732         -0.5072423         -0.2545764          0.0000000          0.6023625          7.7528748          0.7793451          7.6150397          0.3371126         11.5864383         11.4067512          7.8408197         -0.2227732         -0.5072097         -0.2545764          0.0000000          0.6023625          7.7695415          0.7793451          7.6150397          0.3371126         11.5864383         11.4067512          7.8408197         -0.2227732         -0.5072423         -0.2545764          0.0000000          0.6023625          7.7528748          0.7793451          7.6150397          0.3371126         11.5864383         11.4067512          7.8408197         -0.2227231         -0.5071837         -0.2545764          0.0000000          0.6023625          7.7612082          0.7793451          7.6150397          0.3371126         11.5864383         11.4067512         10.1409662         -0.2227736         -0.5072263         -0.2545764          0.0000000          0.6023625          7.7612082          0.7793451          7.6150397          0.3371126         11.5864383         11.4067512          7.8324863         -0.2227727         -0.5072256         -0.2545764          0.0000000          0.6023625          7.7612082          0.7793451          7.6150397          0.3371126         11.5864383         11.4067512          7.8491530         -0.2227736         -0.5072263         -0.2545764          0.0000000          0.6023625          7.7612082          0.7793451          7.6150397          0.3371126         11.5864383         11.4067512          7.8324863
         -0.2045998         -0.4900348         -0.2545665         -0.0000000          0.6773168          4.6511689          0.7732227         10.6802941          0.4053229         10.9858283          3.7534504          9.6686041        1.00000e+98        1.00000e+98        1.00000e+98         -0.0000000          0.2148916          6.8991516          0.6998162          1.9757420          0.8644114         11.7397159          9.1830320          5.1329651         -0.2366400         -0.5305840         -0.2545782         -0.0000000          0.5444280          6.5755482          0.7446656         12.1360317          0.4392753         11.8445395          4.1254728          8.0098019        1.00000e+98        1.00000e+98        1.00000e+98         -0.0000000          0.2807429          7.9265433          0.8387722         14.1406974          0.2300752          6.8174770         11.8027581          1.2057778         -0.1187518         -0.4104978         -0.0629535          0.0000000          0.8267025          7.1759754          0.4663626         16.8481316          0.0410338          0.2951899          3.7317218          2.4503609         -0.1763808         -0.4727850         -0.2367299          0.0000000          0.6215693          7.1759754          0.4740935          3.2012931          0.7472608          2.5207857          5.8337707          2.6293741         -0.2294105         -0.5202060         -0.2545759          0.0000000          0.6011232          5.5756667          0.7745473          6.3591279          0.1144492         11.3114203          9.4320140          0.9329415        1.00000e+98        1.00000e+98        1.00000e+98          0.0000000          0.8734266          9.9676627          0.3383365          8.5212222          0.6816526          6.4926400          6.3207420          9.7864680         -0.1381171         -0.3860139         -0.0879472          0.0000000          0.8294142          5.9838252          0.7732227         12.8703198          0.5616282          0.4425932          2.0107841          9.3666567        1.00000e+98        1.00000e+98        1.00000e+98          0.0000000          0.1550987          2.7819420          0.5213624          7.9390271          0.8440381          2.1696775          3.7882921          1.5999456        1.00000e+98        1.00000e+98        1.00000e+98          0.0000000          0.4029608          9.0849222          0.4948825          9.5693634          0.2095096          0.9142775         10.5290566          6.0807399        1.00000e+98        1.00000e+98        1.00000e+98          0.0000000          0.5222530          4.8733661          0.0530857          7.0919077          0.7243636          8.7039410         11.5263997          9.5696920         -0.2935058         -0.6329810         -0.2545739          0.0000000          0.3045275          2.7118675          0.7958552         10.5598190          0.0817893          4.4346724          7.4913985          4.6886391        1.00000e+98        1.00000e+98        1.00000e+98          0.0000000          0.2455899          3.5711661          0.9746362          8.4563040          0.3788948          2.0386864          2.2402709          6.6746046        1.00000e+98        1.00000e+98        1.00000e+98          0.0000000          0.4127941          1.3889723          0.8657618         17.8948938          0.1030176         10.5688088          1.5167486          6.1463700        1.00000e+98        1.00000e+98        1.00000e+98          0.0000000          0.7578495          7.2360805          0.5090382         17.1084271          0.2590562          1.2375591         11.1508974          7.1168759         -0.2724455         -0.6213579         -0.2545716          0.0000000          0.3380288          2.5887865          0.3498295          3.4303009          0.4009397         11.0870527          1.3140134         10.2614693         -0.2724176         -0.6148612         -0.2545511          0.0000000          0.4226174          6.1544898          0.5432219          9.3280532          0.4351040          9.5690687          3.2667118          3.1587569         -0.3341855         -0.6873108         -0.2509802          0.0000000          0.1409026          0.0628102          0.5997767         12.8717507          0.1697499          4.1365925          5.3637414         10.9729993         -0.2526266         -0.5526450         -0.2542059         -0.0000000          0.5127381          6.3938563          0.7875963          7.7677781          0.1415362          6.8109422         11.4558155          2.8870162
        1.00000e+98        1.00000e+98        1.00000e+98         -0.0000000          0.9681577          2.3068971          0.3520998          0.4177844          0.0331808          1.5446188          4.9602464          8.3943633         -0.2897824         -0.6072877         -0.2545412          0.0000000          0.3779376          7.8987954          0.7872258          9.8564525          0.2155212          8.9894170          4.2539477          5.6008437        1.00000e+98        1.00000e+98        1.00000e+98          0.0000000          0.0265995          3.5724638          0.8719182         12.2137051          0.4147957          0.7376754         11.6093058         11.5823972         -0.3545547         -0.7166656         -0.2533945         -0.0000000          0.2455899          2.6137059          0.6697001          9.8601773          0.5182457          5.6054318          9.3261223          7.1774991         -0.1751024         -0.4839557         -0.2541308          0.0000000          0.8463278          2.9188764          0.8719083         14.0403774          0.2489374         10.3952373          1.9369992          5.8994387         -0.1756958         -0.5198375         -0.1327519         -0.0000000          0.7355841          0.7783003          0.6342346         10.6767485          0.3897455          3.8284034          7.2302428          9.9969787        1.00000e+98        1.00000e+98        1.00000e+98          0.0000000          0.3060234          2.8087963          0.8862547         10.1481509          0.8486815          4.6799154          8.4900147         10.6949815        1.00000e+98        1.00000e+98        1.00000e+98          0.0000000          0.1653446          7.8946228          0.3520998          8.9661527          0.7296641          9.0317228          4.2585237          3.0846401         -0.2415889         -0.5514526         -0.2545510          0.0000000          0.4995159          4.9842346          0.5290482          3.4790440          0.2886944          9.9274506          2.0671612          3.4091302        1.00000e+98        1.00000e+98        1.00000e+98          0.0000000          0.7706324          5.6918329          0.9310351          1.2185391          0.1160755          3.2615807          2.4486040          5.3387964        1.00000e+98        1.00000e+98        1.00000e+98          0.0000000          0.6744157          0.2394853          0.4812024         13.4495033          0.2299186          5.2474233          5.0380054          8.8445963        1.00000e+98        1.00000e+98        1.00000e+98         -0.0000000          0.6947408          8.0235589          0.3931760          9.3394917          0.0400070          9.7804692          1.3041008          1.1071035        1.00000e+98        1.00000e+98        1.00000e+98         -0.0000000          0.0265995          3.5724638          0.9230041         13.4495033          0.0513209          6.1031776          9.5328506          7.1774991         -0.2201534         -0.5273957         -0.2474121          0.0000000          0.6161116          2.9188764          0.8552822         14.2534690          0.2107347          4.3170325          9.6405996          8.2848428        1.00000e+98        1.00000e+98        1.00000e+98          0.0000000          0.1156257          6.8768787          0.9397844         11.4624254          0.4943954          8.8136262         10.5431909          8.2015003        1.00000e+98        1.00000e+98        1.00000e+98         -0.0000000          0.1149266          8.2684386          0.7061090         17.2525094          0.6934728         10.9245877          3.5799580         10.9430014        1.00000e+98        1.00000e+98        1.00000e+98          0.0000000          0.6226218          5.7869889          0.7173282         16.8656804          0.0403735          2.9109115          2.5574704         11.7858578        1.00000e+98        1.00000e+98        1.00000e+98          0.0000000          0.3620875          2.6954003          0.3961510         10.2722926          0.0839528          0.8568410          9.8039517         11.5484450        1.00000e+98        1.00000e+98        1.00000e+98          0.0000000          0.3620875          2.6954003          0.2300779          8.9002494          0.4353983         10.8900190          8.1691753         10.6889740         -0.3421187         -0.7451906         -0.2541020          0.0000000          0.2576744          2.0661404          0.7089365         16.0165294          0.0281029          7.0667526          5.0702512          7.2601666
        1.00000e+98        1.00000e+98        1.00000e+98          0.0000000          0.2576744          2.0661404          0.7089365         16.0165294          0.0281029          7.0667526          5.0702512          5.0978641         -0.3421152         -0.7452237         -0.2541020          0.0000000          0.2576744          2.0661404          0.7089365         16.0165294          0.0281029          7.0667526          5.0702512          7.2684999         -0.3421222         -0.7451576         -0.2541020          0.0000000          0.2576744          2.0661404          0.7089365         16.0165294          0.0281029          7.0667526          5.0702512          7.2518332         -0.3421152         -0.7452237         -0.2541020          0.0000000          0.2576744          2.0661404          0.7089365         16.0165294          0.0281029          7.0667526          5.0702512          7.2684999         -0.3421222         -0.7451576         -0.2541020          0.0000000          0.2576744          2.0661404          0.7089365         16.0165294          0.0281029          7.0667526          5.0702512          7.2518332         -0.3421152         -0.7452237         -0.2541020          0.0000000          0.2576744          2.0661404          0.7089365         16.0165294          0.0281029          7.0667526          5.0702512          7.2684999         -0.3421222         -0.7451576         -0.2541020          0.0000000          0.2576744          2.0661404          0.7089365         16.0165294          0.0281029          7.0667526          5.0702512          7.2518332         -0.3421152         -0.7452237         -0.2541020          0.0000000          0.2576744          2.0661404          0.7089365         16.0165294          0.0281029          7.0667526          5.0702512          7.2684999        1.00000e+98        1.00000e+98        1.00000e+98          0.0000000          0.0100000          2.0661404          0.7089365         16.0165294          0.0281029          7.0667526          5.0702512          7.2601666         -0.3383478         -0.7388040         -0.2540813          0.0000000          0.2660077          2.0661404          0.7089365         16.0165294          0.0281029          7.0667526          5.0702512          7.2601666         -0.3459769         -0.7517367         -0.2541218          0.0000000          0.2493411          2.0661404          0.7089365         16.0165294          0.0281029          7.0667526          5.0702512          7.2601666         -0.3383478         -0.7388040         -0.2540813          0.0000000          0.2660077          2.0661404          0.7089365         16.0165294          0.0281029          7.0667526          5.0702512          7.2601666         -0.3459769         -0.7517367         -0.2541218          0.0000000          0.2493411          2.0661404          0.7089365         16.0165294          0.0281029          7.0667526          5.0702512          7.2601666         -0.3383478         -0.7388040         -0.2540813          0.0000000          0.2660077          2.0661404          0.7089365         16.0165294          0.0281029          7.0667526          5.0702512          7.2601666         -0.3459769         -0.7517367         -0.2541218          0.0000000          0.2493411          2.0661404          0.7089365         16.0165294          0.0281029          7.0667526          5.0702512          7.2601666         -0.3383478         -0.7388040         -0.2540813          0.0000000          0.2660077          2.0661404          0.7089365         16.0165294          0.0281029          7.0667526          5.0702512          7.2601666         -0.3421337         -0.7380395         -0.2543265          0.0000000          0.2576744          4.0215712          0.7089365         16.0165294          0.0281029          7.0667526          5.0702512          7.2601666         -0.3421185         -0.7452536         -0.2540995          0.0000000          0.2576744          2.0578071          0.7089365         16.0165294          0.0281029          7.0667526          5.0702512          7.2601666         -0.3421189         -0.7451283         -0.2541045          0.0000000          0.2576744          2.0744737          0.7089365         16.0165294          0.0281029          7.0667526          5.0702512          7.2601666         -0.3421185         -0.7452536         -0.2540995          0.0000000          0.2576744          2.0578071          0.7089365         16.0165294          0.0281029          7.0667526          5.0702512          7.2601666
