#########################################################
### This file contains the pareto front approximation ###
#########################################################
### Solution format:     F(1:O)    G(1:M)    X(1:N)   ###
#########################################################
#                                       
#        O         M         N     PSIZE
#                                       
         2         1         9        59
#                       
#        MIDACO solution
#                       
         -0.1993078         -0.5901909          0.0009800          0.5485873          1.0762132          0.1228063          4.1721481          0.1558942          3.7394074          2.2490992          4.3271279          1.6853455
#                       
#        All non-dominated solutions found by MIDACO
#                       
         -0.1975018         -0.5921488          0.0008226          0.5551855          1.0696061          0.1334831          3.0866956          0.1642705          3.7678825          2.2648575          4.3202719          1.6478107
         -0.2014074         -0.5849861          0.0005219          0.5555804          1.0873828          0.1238599          4.1554155          0.2429029          3.7341819          2.2533538          4.3272159          1.6857703
         -0.2012232         -0.5858183          0.0009939          0.5539623          1.1056625          0.1163746          4.1191318          0.2014523          3.7370985          2.2500773          4.3280819          1.6857362
         -0.2026153         -0.5794703         -0.0000560          0.5518539          1.1251564          0.0794225          3.0145358          0.3586747          3.7315234          2.2525722          4.3342369          1.6816115
         -0.1974117         -0.5922340          0.0008226          0.5551855          1.0696061          0.1334831          3.0557423          0.1642705          3.7678825          2.2648575          4.3202719          1.6478107
         -0.2009911         -0.5866721          0.0004172          0.5552842          1.0898229          0.1242306          4.1705913          0.2024504          3.7353661          2.2495772          4.3311375          1.6843365
         -0.1977743         -0.5916490          0.0003672          0.5552224          1.0918383          0.1325648          4.2800241          0.1265810          3.7341832          2.2485290          4.3318873          1.6857677
         -0.1995334         -0.5900968          0.0009800          0.5485873          1.0762132          0.1187089          4.1721481          0.1558942          3.7394074          2.2490992          4.3271279          1.6853455
         -0.2011384         -0.5862945          0.0005219          0.5555804          1.0873828          0.1238599          4.3938982          0.2020305          3.7341819          2.2533538          4.3272159          1.6857703
         -0.2010683         -0.5866407          0.0009982          0.5539619          1.0973323          0.1158913          4.1191326          0.1931188          3.7371032          2.2500742          4.3280773          1.6857435
         -0.2006950         -0.5872893          0.0004172          0.5552842          1.0898229          0.1242306          4.1789246          0.1889349          3.7353661          2.2495772          4.3311375          1.6843365
         -0.2011454         -0.5862586          0.0005219          0.5555804          1.0873828          0.1238599          4.1637488          0.2103639          3.7341819          2.2533538          4.3272159          1.6857703
         -0.2018758         -0.5838718          0.0009683          0.5539615          1.1056729          0.1163734          6.1568411          0.1931200          3.7370933          2.2500711          4.3280505          1.6857534
         -0.2012894         -0.5857856          0.0009920          0.5546011          1.1056666          0.1158918          4.1191519          0.2014513          3.7370931          2.2500786          4.3280711          1.6857493
         -0.1971322         -0.5925025          0.0003672          0.5552224          1.0918383          0.1325648          4.2800241          0.1184340          3.7341832          2.2485290          4.3318873          1.6857677
         -0.1990681         -0.5908597          0.0006149          0.5485937          1.0763867          0.1227991          4.1806252          0.1475660          3.7392755          2.2490883          4.3270134          1.6852377
         -0.2012158         -0.5858326          0.0009939          0.5539626          1.1056669          0.1163746          4.1089994          0.2014530          3.7371053          2.2500743          4.3280756          1.6857387
         -0.2011301         -0.5863137          0.0005219          0.5555804          1.0873828          0.1238599          4.3796321          0.2020305          3.7341819          2.2533538          4.3272159          1.6857703
         -0.1936643         -0.5964869          0.0003672          0.5552224          1.0918383          0.1325648          4.2800241          0.0879784          3.7341832          2.2485290          4.3318873          1.6857677
         -0.2008453         -0.5870907          0.0006910          0.5552669          1.0904191          0.1243631          4.1523797          0.1941543          3.7345392          2.2503773          4.3311596          1.6846148
         -0.1997847         -0.5899646          0.0006149          0.5485937          1.0763867          0.1144657          4.1806252          0.1558993          3.7392755          2.2490883          4.3270134          1.6852377
         -0.1989447         -0.5910036         -0.0009930          0.5480484          1.0612704          0.1226966          4.2017380          0.1447351          3.7337508          2.2478049          4.3317249          1.6857263
         -0.2009339         -0.5869317          0.0006853          0.5552821          1.0898056          0.1242291          4.1790118          0.1971391          3.7355744          2.2494662          4.3312642          1.6843804
         -0.2009698         -0.5867197          0.0006853          0.5552821          1.0898056          0.1242291          4.1397260          0.2024390          3.7355744          2.2494662          4.3312642          1.6843804
         -0.2010678         -0.5866692          0.0009939          0.5539623          1.0973292          0.1163746          4.1191318          0.1931190          3.7370985          2.2500773          4.3280819          1.6857362
         -0.1997757         -0.5899851          0.0009800          0.5485873          1.0762132          0.1144729          4.1721481          0.1558942          3.7394074          2.2490992          4.3271279          1.6853455
         -0.2016028         -0.5847482          0.0006910          0.5552669          1.0904191          0.1243631          5.8277255          0.2024877          3.7345392          2.2503773          4.3311596          1.6846148
         -0.2005821         -0.5886479         -0.0009570          0.5487005          1.0613760          0.1067965          4.2988381          0.1659710          3.7337546          2.2478278          4.3317340          1.6857266
         -0.2008636         -0.5870519          0.0006910          0.5552669          1.0904191          0.1243631          4.1773797          0.1941543          3.7345392          2.2503773          4.3311596          1.6846148
         -0.2013092         -0.5857507          0.0009969          0.5546149          1.1056931          0.1158919          4.1191458          0.2022407          3.7370551          2.2500974          4.3281021          1.6857423
         -0.2011015         -0.5863796          0.0005219          0.5555804          1.0873828          0.1238599          4.3312355          0.2020305          3.7341819          2.2533538          4.3272159          1.6857703
         -0.2010602         -0.5866848          0.0009939          0.5539626          1.0973336          0.1163746          4.1089994          0.1931197          3.7371053          2.2500743          4.3280756          1.6857387
         -0.1998038         -0.5898536         -0.0009930          0.5480484          1.0612704          0.1132552          4.2017380          0.1554713          3.7337508          2.2478049          4.3317249          1.6857263
         -0.1993070         -0.5901865          0.0006149          0.5485937          1.0763867          0.1227991          4.1722918          0.1558993          3.7392755          2.2490883          4.3270134          1.6852377
         -0.1994436         -0.5901157          0.0008818          0.5496592          1.0732270          0.1226878          4.1722338          0.1555851          3.7393456          2.2490920          4.3271043          1.6853399
         -0.1991765         -0.5905182          0.0009800          0.5485873          1.0762132          0.1228063          4.1721481          0.1518202          3.7394074          2.2490992          4.3271279          1.6853455
         -0.1993157         -0.5901703          0.0006149          0.5485937          1.0763867          0.1227991          4.1806252          0.1558993          3.7392755          2.2490883          4.3270134          1.6852377
         -0.1965144         -0.5932971          0.0003672          0.5552224          1.0918383          0.1325648          4.2800241          0.1115647          3.7341832          2.2485290          4.3318873          1.6857677
         -0.1992290         -0.5903887          0.0009800          0.5485873          1.0762132          0.1228063          4.1721481          0.1534310          3.7394074          2.2490992          4.3271279          1.6853455
         -0.1995773         -0.5900766          0.0009800          0.5485873          1.0762132          0.1179154          4.1721481          0.1558942          3.7394074          2.2490992          4.3271279          1.6853455
         -0.2000443         -0.5888205         -0.0004781          0.5512686          1.0635318          0.1231199          4.2948202          0.1665271          3.7339128          2.2481034          4.3317680          1.6857377
         -0.1994588         -0.5901270          0.0009800          0.5485873          1.0762132          0.1199873          4.1721481          0.1558942          3.7394074          2.2490992          4.3271279          1.6853455
         -0.1991051         -0.5905662         -0.0009937          0.5480633          1.0759470          0.1226871          4.2017502          0.1500013          3.7337507          2.2478048          4.3317245          1.6857263
         -0.1990586         -0.5908769          0.0006149          0.5485937          1.0763867          0.1227991          4.1722918          0.1475660          3.7392755          2.2490883          4.3270134          1.6852377
         -0.1999715         -0.5897509         -0.0009930          0.5480484          1.0612704          0.1100232          4.2017380          0.1554713          3.7337508          2.2478049          4.3317249          1.6857263
         -0.1988875         -0.5911528         -0.0009930          0.5480484          1.0612704          0.1226966          4.2017380          0.1430887          3.7337508          2.2478049          4.3317249          1.6857263
         -0.1991839         -0.5904964          0.0009800          0.5485873          1.0762132          0.1228063          4.1721481          0.1520820          3.7394074          2.2490992          4.3271279          1.6853455
         -0.1990876         -0.5905969         -0.0009930          0.5480484          1.0760963          0.1226966          4.2017380          0.1495835          3.7337508          2.2478049          4.3317249          1.6857263
         -0.1993308         -0.5901714         -0.0004392          0.5490782          1.0756568          0.1231219          4.1714068          0.1556014          3.7390969          2.2498522          4.3252888          1.6853230
         -0.1988764         -0.5913517          0.0004056          0.5486418          1.0765406          0.1227442          4.1730393          0.1422262          3.7394854          2.2483333          4.3269725          1.6856144
         -0.1992493         -0.5903309          0.0009800          0.5485873          1.0762132          0.1228063          4.1721481          0.1541417          3.7394074          2.2490992          4.3271279          1.6853455
         -0.1992990         -0.5902071          0.0009800          0.5485873          1.0762132          0.1228063          4.1638148          0.1558942          3.7394074          2.2490992          4.3271279          1.6853455
         -0.1992742         -0.5902349          0.0009800          0.5485873          1.0762132          0.1228063          4.1502343          0.1558942          3.7394074          2.2490992          4.3271279          1.6853455
         -0.1996037         -0.5900640          0.0009800          0.5485873          1.0762132          0.1174335          4.1721481          0.1558942          3.7394074          2.2490992          4.3271279          1.6853455
         -0.1992025         -0.5904429          0.0009800          0.5485873          1.0762132          0.1228063          4.1721481          0.1527291          3.7394074          2.2490992          4.3271279          1.6853455
         -0.1994211         -0.5901464          0.0009800          0.5485873          1.0762132          0.1207613          4.1721481          0.1558942          3.7394074          2.2490992          4.3271279          1.6853455
         -0.1992535         -0.5903257          0.0009800          0.5485873          1.0762132          0.1228063          4.1721481          0.1542080          3.7394074          2.2490992          4.3271279          1.6853455
         -0.1992674         -0.5902855          0.0009800          0.5485873          1.0762132          0.1228063          4.1721481          0.1547087          3.7394074          2.2490992          4.3271279          1.6853455
         -0.1993505         -0.5901727          0.0009800          0.5485873          1.0762132          0.1219392          4.1721481          0.1558942          3.7394074          2.2490992          4.3271279          1.6853455
